28 30 28 28 30 28 28 28 27 27 27 29 28 28 27 29 30 27 30 30 27 29 28 30 28 28 28 26 29 30 27 27 27 28 27 27 28 27 26 27 29 28 29 27 27 27 28 27 28 29 28 28 28 27 27 28 26 30 27 28 27 28 30 28 28 26 28 28 26 28 28 29 27 27 27 29 28 28 27 30 30 27 30 30 27 30 29 26 28 28 28 27 30 26 28 27 27 28 27 27 28 27 27 27 29 28 30 28 27 27 28 28 28 29 28 28 29 28 27 28 27 30 27 28 28 28 30 28 
27 27 28 28 29 27 28 29 27 30 28 27 30 28 28 28 28 28 28 29 30 27 28 27 28 27 28 27 27 30 28 28 28 28 29 30 27 28 29 27 28 27 30 28 27 27 30 29 29 30 30 27 28 28 26 28 30 28 27 29 28 27 27 26 26 27 27 27 28 30 27 28 27 28 27 30 28 28 27 27 27 27 28 28 29 27 28 29 27 30 28 27 30 28 28 28 28 28 28 28 30 27 28 26 28 27 28 27 27 29 28 28 28 28 29 30 27 28 29 27 28 27 30 28 27 27 30 29 
30 28 28 29 29 28 26 28 28 28 28 26 28 28 29 28 27 29 27 27 27 30 28 29 26 26 29 28 29 27 27 26 28 27 28 28 28 27 30 27 28 28 27 29 27 28 28 28 27 28 30 26 30 28 27 28 29 29 28 27 28 30 30 29 28 26 27 28 28 27 28 27 27 27 26 28 27 27 28 27 30 28 29 29 29 28 27 28 28 28 28 27 28 28 29 28 27 29 27 27 27 30 28 30 26 26 29 28 30 27 27 27 29 27 28 28 28 27 30 27 28 28 27 30 27 28 28 28 
27 30 27 30 27 27 28 28 27 27 26 27 27 28 28 30 26 28 30 28 30 30 27 27 30 27 29 26 30 27 27 28 29 28 28 28 29 28 27 27 28 29 28 29 28 26 26 28 28 27 28 27 28 28 30 30 28 28 27 28 28 29 29 27 28 26 27 30 27 27 28 28 27 28 27 28 27 28 28 27 27 29 26 29 27 30 28 28 26 27 30 27 30 28 27 29 30 28 29 28 29 29 27 27 29 30 28 30 29 27 27 28 28 27 28 27 28 28 30 26 28 28 28 28 28 30 30 28 
27 29 29 27 29 28 30 28 28 28 27 30 27 26 27 28 29 28 28 29 28 28 28 27 27 27 29 28 29 27 26 27 28 27 27 28 27 27 27 30 29 26 28 27 28 30 28 29 27 29 29 27 29 29 26 28 28 28 27 26 27 28 27 28 29 28 28 29 28 28 28 27 27 27 29 28 29 27 26 27 28 27 27 28 27 27 27 30 29 26 28 27 28 30 28 29 27 29 29 27 29 29 26 28 28 28 27 26 27 28 27 28 29 28 28 29 28 28 28 27 27 27 30 28 29 27 26 27 
29 29 30 26 27 28 29 27 28 26 27 26 26 24 27 27 27 27 29 26 27 28 29 27 28 27 29 28 27 30 29 28 28 28 29 30 27 28 29 27 28 27 29 28 27 30 29 28 28 28 29 30 27 28 29 27 28 27 29 28 27 30 29 28 28 28 29 30 27 28 29 27 28 27 29 28 27 30 29 28 28 28 29 30 27 28 29 27 28 27 29 28 27 30 29 28 28 28 28 30 27 28 28 27 28 27 28 28 27 30 28 28 28 28 28 30 27 28 28 27 28 27 28 27 27 29 28 28 
28 30 27 28 28 27 29 27 26 26 25 26 25 25 25 25 25 28 26 28 28 27 29 27 28 28 27 26 28 29 29 29 28 26 28 28 28 27 30 27 28 28 28 27 28 29 30 29 28 27 28 28 28 27 30 28 28 28 28 27 28 30 26 30 28 27 28 28 28 28 26 28 28 28 28 27 28 30 27 30 28 27 28 28 28 28 27 28 28 29 28 27 28 26 27 26 29 27 28 29 29 28 27 28 29 29 28 27 29 27 27 27 29 27 28 29 29 28 27 28 29 30 28 28 30 27 27 27 
30 28 28 27 27 27 28 26 26 26 24 24 24 22 24 25 23 25 25 28 27 29 27 27 28 28 27 27 27 27 27 28 28 26 27 29 30 28 27 30 28 28 26 27 29 27 30 27 27 29 30 28 29 28 30 29 27 27 29 30 28 30 29 27 27 28 28 28 28 27 28 28 26 26 28 29 28 29 28 30 30 28 28 27 28 27 28 28 29 29 28 28 27 28 28 29 28 27 27 30 27 30 27 27 28 28 27 28 27 27 27 28 28 27 27 29 26 29 27 30 28 28 26 27 30 27 26 28 
27 27 28 27 27 28 26 25 25 25 24 22 22 21 22 23 22 24 24 25 26 27 29 28 26 28 28 28 27 30 27 28 27 27 28 28 28 29 28 27 28 27 26 27 28 28 28 27 29 30 27 26 26 27 30 30 27 28 28 29 27 27 27 28 28 28 30 28 28 30 28 28 28 27 27 28 30 28 29 27 26 27 28 27 27 28 27 27 27 30 29 30 28 27 28 29 28 28 26 29 29 27 28 28 30 28 27 28 26 29 30 28 27 27 28 27 27 28 27 27 28 26 30 27 28 28 28 26 
26 30 30 30 27 26 26 26 23 22 21 21 21 20 21 21 20 22 23 24 25 25 29 26 27 29 27 29 28 27 30 28 28 28 28 28 28 29 26 27 28 27 28 27 28 28 27 30 29 28 28 29 29 26 27 28 30 27 29 28 26 28 28 27 27 30 30 26 27 27 28 29 27 28 27 28 27 30 28 28 27 27 27 27 28 28 29 27 28 30 27 30 28 27 30 29 28 28 28 28 28 29 26 27 28 27 28 27 29 28 27 30 29 29 29 29 30 27 27 28 30 28 30 28 26 28 28 27 
28 28 27 28 30 25 26 24 22 21 21 20 20 17 19 19 20 21 21 17 24 25 25 29 28 29 30 30 28 27 29 26 26 30 28 26 27 28 28 27 28 26 27 27 30 28 30 27 27 27 29 27 28 28 28 27 30 27 28 28 27 29 27 28 28 27 26 28 29 30 29 28 27 28 28 28 28 26 28 28 28 28 27 28 26 27 26 29 27 28 29 29 28 27 28 30 30 29 28 30 27 27 27 30 28 30 27 26 29 28 29 27 27 26 28 27 28 28 28 27 29 27 27 27 27 28 27 27 
27 28 28 28 28 26 26 24 22 21 20 18 18 15 17 12 12 15 16 12 18 21 20 21 28 28 27 28 27 28 27 29 28 27 28 27 27 27 28 28 30 30 28 29 28 29 28 27 27 28 28 28 28 28 29 29 27 27 30 27 29 27 30 28 28 30 27 29 26 29 27 27 28 28 27 28 27 28 27 29 29 27 28 27 27 27 28 28 30 30 28 29 28 29 28 27 27 28 29 28 28 28 29 29 27 27 30 27 29 27 26 28 28 30 27 29 26 29 27 27 28 28 27 28 27 28 27 29 
27 27 27 30 29 25 25 24 22 21 20 19 16 13 9 11 7 8 9 7 13 13 17 22 23 26 29 29 27 26 27 28 27 26 27 30 29 26 28 28 28 26 29 30 27 26 27 28 27 26 27 30 29 26 28 28 28 26 29 30 27 26 26 28 26 26 27 30 29 26 28 28 28 26 29 30 27 26 26 28 26 26 27 30 29 26 28 28 28 30 29 30 27 30 27 28 27 30 28 29 29 30 28 27 28 30 29 29 27 30 26 27 26 30 27 29 29 30 28 27 28 30 29 29 27 30 30 27 
28 30 27 28 29 25 25 22 21 20 18 16 14 8 4 5 0 2 3 1 6 8 9 17 17 22 29 28 28 28 28 28 29 26 27 28 27 28 27 28 27 26 29 28 28 28 28 28 29 27 27 28 27 28 27 28 27 27 30 28 28 28 28 28 30 27 28 28 27 28 27 29 28 27 30 29 28 28 28 29 30 27 28 29 27 28 27 29 28 27 30 29 29 29 30 30 30 28 29 30 28 30 28 29 28 27 26 29 29 28 29 29 26 27 28 29 27 28 27 30 28 27 26 30 29 29 29 30 
28 28 27 30 27 26 25 24 22 21 19 17 11 4 3 0 -3 -1 0 -2 3 4 7 10 18 18 24 28 28 27 30 27 27 27 27 28 27 27 27 27 29 27 28 28 28 27 29 27 27 27 30 28 30 27 27 26 28 27 28 28 28 27 28 30 27 27 29 28 29 26 27 30 28 26 27 28 27 30 28 29 30 30 28 27 29 30 30 29 28 30 27 27 27 30 28 30 30 30 30 28 29 30 30 28 27 29 26 27 26 28 27 28 29 28 28 27 28 28 28 28 27 28 30 26 30 28 27 28 
28 30 29 27 26 26 25 23 22 20 19 12 11 5 0 -4 -6 -5 -3 -4 -1 0 3 8 12 18 24 24 27 27 28 29 28 28 28 29 29 27 27 30 27 29 27 26 28 28 26 27 29 26 29 27 27 28 28 27 28 27 28 28 29 29 28 28 27 28 27 28 28 26 27 28 29 28 30 29 27 27 29 30 28 29 28 30 30 28 28 27 27 30 27 27 28 29 28 29 31 29 31 30 29 30 30 29 28 27 28 28 30 30 28 28 27 28 27 28 28 27 27 29 30 28 26 30 27 27 29 30 
27 27 27 29 28 27 25 23 22 21 18 12 7 0 -3 -6 -5 -8 -7 -9 -3 -2 0 3 7 11 18 22 28 27 27 28 30 30 27 28 28 28 27 29 30 27 26 26 28 26 26 27 29 29 30 28 27 28 30 28 29 27 30 30 27 30 30 27 29 28 29 28 27 28 29 28 28 27 29 29 27 29 29 27 28 28 29 27 27 27 29 28 28 27 29 30 28 30 30 31 30 30 31 30 29 30 30 29 29 30 28 28 30 28 28 29 28 27 28 27 30 27 28 27 28 29 28 28 29 28 28 28 
28 29 27 30 28 26 27 25 23 22 21 15 8 2 -1 -5 -8 -12 -10 -15 -6 -6 -1 2 8 11 18 23 27 25 28 28 26 28 30 28 27 29 28 27 27 27 27 27 27 28 28 26 28 29 27 29 28 27 30 28 28 28 28 28 28 29 26 27 28 27 28 27 29 28 27 26 29 29 29 29 30 27 27 28 27 28 30 28 27 29 28 28 27 27 28 28 29 30 30 31 30 31 30 31 30 30 31 30 29 28 28 28 28 29 26 27 28 27 28 27 29 28 27 30 29 29 28 29 30 27 27 28 
28 27 27 27 30 28 25 25 25 23 22 16 10 3 0 -3 -6 -10 -16 -19 -14 -5 -1 2 5 10 17 19 25 27 27 27 29 27 27 27 27 28 27 27 27 27 29 27 28 28 28 27 29 27 27 27 27 28 27 27 27 27 29 27 28 28 28 27 29 27 27 28 27 29 27 27 28 27 30 27 28 29 28 27 30 27 28 28 27 29 27 28 28 27 30 30 30 31 31 30 31 30 31 30 30 31 30 30 30 28 30 28 28 29 28 28 30 27 28 28 27 29 27 28 28 27 30 28 28 29 28 28 
29 30 28 29 28 29 29 26 25 24 17 12 7 1 -2 -5 -9 -12 -17 -22 -17 -10 -5 -2 2 4 10 14 20 25 25 25 28 28 27 28 27 28 28 26 26 28 29 28 29 28 26 30 28 28 27 28 27 28 28 30 30 28 28 28 28 28 30 30 28 28 27 28 27 28 28 30 30 28 28 27 28 28 30 29 27 28 27 27 27 27 27 29 30 29 30 28 30 30 31 31 30 31 32 30 31 30 30 30 30 28 28 27 28 27 28 28 27 27 29 26 29 27 27 28 28 27 27 26 27 27 28 28 
28 29 28 28 29 28 27 28 25 25 24 18 13 6 2 -1 -3 -7 -11 -16 -12 -5 -2 2 3 8 13 17 24 24 24 25 25 28 27 26 27 26 30 27 28 28 29 27 27 27 28 27 28 29 28 28 28 27 27 28 26 30 27 28 27 28 30 28 29 27 29 29 27 28 28 30 28 27 28 30 28 30 27 30 30 28 27 27 27 30 30 27 30 29 30 28 31 30 31 30 31 31 31 31 31 30 30 30 31 30 30 28 27 27 29 28 28 30 28 28 30 28 28 28 27 27 27 29 28 28 27 29 
29 29 30 27 27 28 30 27 29 25 25 20 15 8 5 0 -2 -6 -5 -12 -7 -6 -5 0 2 7 9 16 21 22 23 24 25 25 26 27 28 29 27 28 26 28 27 29 28 27 27 27 27 27 27 28 28 30 27 28 27 28 27 30 28 28 27 27 27 27 28 28 29 30 28 30 27 30 28 27 30 28 28 28 28 28 28 28 30 27 29 30 29 31 30 30 31 31 31 31 31 31 31 31 32 30 30 31 30 31 29 28 30 29 28 28 28 28 28 29 26 27 28 27 28 27 28 27 27 29 28 28 
30 28 28 30 29 28 27 28 29 29 26 21 17 10 5 2 1 -1 -1 -5 -2 -3 1 -1 1 5 8 15 20 21 22 23 24 25 25 27 27 30 28 30 27 27 30 28 26 27 28 27 30 28 29 30 30 28 27 28 29 29 28 27 29 27 27 30 29 27 28 29 29 28 30 28 29 28 28 30 28 29 30 29 28 30 27 29 29 27 30 28 29 29 28 30 29 30 31 31 30 31 32 31 31 31 30 30 31 30 30 27 29 27 27 26 28 27 28 28 28 28 30 28 28 28 28 26 28 29 29 28 
28 27 27 26 27 27 28 28 26 27 29 21 23 17 10 8 2 2 2 -2 1 -1 -1 1 4 8 14 12 18 17 21 21 23 24 25 26 27 26 27 27 30 30 28 29 28 30 30 27 27 30 27 29 27 30 27 27 29 30 28 29 28 30 30 28 28 30 27 30 27 30 28 28 30 30 29 30 28 30 29 28 28 30 31 30 31 30 30 30 31 31 30 31 31 31 31 30 30 31 32 31 31 31 30 30 30 30 28 28 27 28 28 27 27 28 29 28 29 28 27 26 28 28 27 28 27 28 28 26 
27 27 27 29 28 28 27 29 29 27 30 29 22 18 18 13 8 7 5 2 3 2 1 3 8 7 9 14 16 16 20 17 22 23 25 25 25 27 28 27 27 28 27 27 28 27 27 28 30 29 30 28 27 27 29 28 28 30 28 28 30 28 28 28 27 30 27 29 28 29 30 30 30 27 30 30 27 30 29 30 28 28 29 31 31 31 30 32 31 30 32 32 31 32 32 32 32 32 32 31 32 32 31 30 29 29 28 27 28 26 30 27 28 28 29 27 26 27 28 27 27 28 27 27 28 27 27 28 
30 28 26 28 28 27 27 27 27 27 27 27 28 25 18 18 11 11 10 4 8 7 5 8 7 8 14 13 13 14 17 16 19 20 20 25 25 25 29 29 29 30 26 27 28 28 27 28 26 28 27 30 28 28 27 27 27 27 28 28 30 27 28 30 28 30 29 28 27 30 30 29 29 30 30 30 28 29 30 28 30 30 31 31 30 30 30 30 32 30 31 31 31 32 32 32 32 32 32 32 32 32 31 31 29 28 28 29 30 27 28 27 28 27 28 28 27 30 29 29 29 29 30 27 27 28 26 28 
29 29 28 27 28 29 29 28 27 29 26 27 26 28 23 24 18 18 17 9 13 11 8 12 9 14 13 13 13 14 11 13 16 17 17 22 23 23 25 27 30 28 28 29 28 28 30 27 28 27 27 28 27 27 27 27 29 27 28 28 28 27 30 27 28 28 30 29 30 28 28 27 30 28 29 29 29 30 30 32 30 31 32 32 32 32 30 32 31 32 31 31 32 32 32 32 32 32 33 32 32 32 32 32 30 30 27 27 27 29 27 28 29 29 28 27 28 28 28 28 27 28 30 26 30 28 27 28 
29 26 29 27 27 28 28 27 28 27 28 28 29 29 28 24 23 22 19 14 17 15 12 12 16 13 11 11 10 8 10 8 10 12 11 15 17 19 25 23 28 27 28 27 29 29 27 28 27 28 27 28 28 26 27 28 30 28 30 29 27 27 30 30 29 30 30 27 27 29 29 28 28 27 29 28 31 31 30 31 31 32 32 33 33 33 32 32 32 32 32 32 32 32 32 34 32 33 33 33 33 32 32 30 30 28 28 27 28 28 27 27 26 27 27 28 28 30 30 28 29 28 29 28 27 27 28 29 
28 27 28 30 29 30 28 27 27 28 27 27 28 27 27 28 26 27 25 19 24 21 22 18 17 14 13 11 8 7 8 6 8 8 8 12 13 14 19 19 25 29 28 28 29 28 28 28 27 27 27 29 28 29 27 30 26 28 27 27 28 27 27 28 30 30 30 28 28 29 30 29 30 27 30 31 30 32 32 33 32 33 33 33 35 34 33 32 31 32 32 32 32 32 32 33 32 34 33 33 32 33 32 32 32 28 31 30 27 30 29 27 28 28 29 27 27 27 28 28 28 29 28 28 30 28 28 28 
28 30 28 27 29 28 27 27 26 26 27 27 27 28 29 27 28 25 27 25 24 23 20 18 16 14 14 8 7 7 4 3 5 6 6 8 10 11 16 19 20 25 27 28 28 29 27 28 30 28 30 28 27 30 29 28 28 28 28 28 30 27 28 29 27 29 27 30 28 27 30 30 30 30 31 32 30 32 33 34 33 36 33 36 35 33 33 35 33 32 33 32 32 32 34 32 34 34 34 32 34 32 32 31 30 29 28 27 28 28 29 27 28 27 28 27 30 28 28 27 27 27 27 27 28 28 26 28 
28 28 28 28 27 28 29 29 28 28 30 27 27 27 26 28 30 27 25 25 24 23 21 19 17 17 12 10 8 5 3 0 1 3 2 6 7 8 11 17 20 25 25 27 27 27 26 28 30 27 27 30 28 26 27 27 27 30 28 29 29 29 28 27 28 29 29 28 27 29 30 30 30 30 32 30 32 32 33 35 37 35 34 37 37 34 34 34 32 33 32 33 33 33 34 33 34 34 35 33 32 32 33 32 32 30 31 27 28 27 27 28 30 27 27 30 28 26 27 27 27 30 28 28 29 29 28 27 
30 28 28 27 28 27 28 28 27 27 29 26 29 27 30 28 28 30 27 26 25 24 23 20 19 17 13 8 6 3 0 0 0 1 0 2 4 8 8 12 15 19 25 25 28 26 30 27 28 30 27 29 26 29 27 27 28 28 27 28 27 28 28 30 30 28 28 28 28 28 30 30 28 30 32 31 33 33 36 35 35 37 35 37 34 37 34 34 34 33 32 32 32 32 33 34 34 34 35 34 33 32 32 32 30 29 31 27 29 27 30 28 28 30 27 29 26 29 27 27 28 28 27 28 27 28 28 30 
27 27 28 30 29 26 28 27 28 30 28 29 27 29 29 27 29 28 30 28 26 25 24 23 20 19 16 9 8 5 1 0 -2 -2 -2 0 3 3 8 10 14 20 24 26 25 28 29 27 29 28 30 28 28 28 27 30 26 28 27 27 28 27 28 28 27 27 28 27 30 27 29 28 29 29 32 33 32 35 37 35 37 37 37 37 37 37 34 36 33 32 32 32 33 33 34 34 34 34 35 34 35 32 33 32 32 30 31 31 27 30 30 27 29 29 26 28 28 28 27 30 27 28 27 28 29 28 28 29 
27 28 29 27 29 27 30 28 28 27 27 30 30 26 27 27 28 30 27 28 27 26 25 24 23 21 17 11 8 6 3 1 -3 -3 -4 -2 2 3 6 9 12 17 21 25 26 27 26 27 28 29 27 28 27 28 27 30 28 28 28 27 27 28 28 29 30 27 28 27 28 27 29 28 27 32 32 32 33 34 37 34 37 40 37 37 37 37 34 36 33 32 31 32 32 32 32 34 34 33 34 35 33 32 32 32 30 32 30 29 28 29 29 27 28 28 30 28 30 28 27 29 28 27 27 27 27 27 27 28 
29 28 26 27 28 28 27 29 27 27 27 27 29 27 28 28 28 27 28 26 27 26 27 26 25 18 16 11 8 6 1 0 -2 -3 -8 -6 -1 1 3 5 8 13 16 20 25 25 25 29 28 28 26 27 28 28 27 28 27 27 27 27 29 27 28 28 28 27 28 30 27 27 30 28 30 32 33 33 33 36 34 37 37 42 39 38 38 37 37 34 33 33 32 32 32 32 33 34 34 33 35 33 33 32 32 32 30 30 29 27 30 28 29 29 30 28 29 30 28 26 29 28 29 30 30 29 28 30 27 27 
28 28 27 27 26 27 27 28 28 27 27 29 26 29 27 27 28 28 27 27 26 27 27 26 26 25 19 17 12 9 5 2 2 -1 -7 -3 -1 1 3 7 9 14 17 22 21 25 25 25 28 28 27 27 27 28 27 28 28 27 27 30 27 30 27 27 28 28 27 28 27 28 27 29 29 29 30 33 32 35 34 36 37 40 37 37 37 37 34 34 33 32 31 32 32 33 32 32 33 33 33 32 32 32 32 32 32 29 29 30 28 31 29 29 30 30 29 30 28 29 27 29 28 27 27 26 27 26 27 27 
27 29 28 28 27 30 27 28 27 27 28 27 27 28 26 30 27 28 28 28 27 29 26 27 25 25 23 17 13 10 8 4 0 1 -1 0 -1 0 3 5 7 11 15 18 20 21 25 25 25 27 27 28 30 29 29 27 30 30 27 30 30 27 29 28 30 28 27 28 30 28 29 27 30 31 30 32 33 33 37 37 37 37 37 37 37 37 36 33 33 32 31 32 32 30 32 32 33 32 32 32 33 32 32 30 31 30 29 30 30 32 30 30 31 30 30 30 30 30 29 30 28 28 26 28 28 30 28 28 
28 27 29 28 27 26 30 29 29 29 30 27 27 28 26 28 30 28 27 28 28 27 27 26 26 25 23 19 16 11 8 8 3 3 0 2 0 3 2 4 6 10 14 18 19 19 20 25 25 26 27 27 29 28 28 28 28 28 28 29 26 27 28 27 28 27 29 28 27 30 29 29 29 30 32 31 33 33 36 35 37 37 37 37 37 36 34 36 34 33 30 30 32 32 30 32 31 32 32 32 32 32 31 29 29 29 30 30 31 30 31 32 31 32 31 30 31 30 30 29 28 28 28 28 30 27 28 26 
28 28 28 27 28 29 29 28 27 29 27 27 27 30 28 29 26 26 29 28 29 27 27 26 28 27 25 25 19 15 11 8 8 6 3 4 3 2 3 5 6 12 11 15 17 18 19 22 25 25 25 25 27 28 29 28 27 29 27 27 27 30 28 29 30 30 29 28 29 26 27 30 28 29 30 30 32 33 36 34 35 37 35 37 36 34 33 33 33 32 31 31 31 30 29 31 31 31 32 30 31 32 31 30 29 30 29 30 30 32 32 32 33 32 32 31 31 32 28 30 29 27 27 28 28 27 28 26 
28 28 27 28 28 29 29 27 28 27 27 27 28 27 29 30 28 28 27 28 28 30 29 27 28 27 27 23 20 19 17 12 10 9 5 7 5 4 5 7 6 9 13 14 15 17 19 21 23 25 25 26 27 25 29 28 28 27 28 27 28 28 26 26 28 29 28 29 28 27 26 28 28 28 30 30 32 32 33 33 35 37 35 36 37 33 33 33 32 30 30 30 30 30 28 29 32 32 32 32 31 29 28 30 30 30 30 31 32 32 32 32 33 33 32 32 32 30 30 30 30 28 28 28 29 29 27 27 
30 27 28 27 28 29 28 28 30 28 28 29 27 27 28 30 29 30 28 27 27 28 28 28 28 27 27 28 24 20 19 17 14 12 8 8 7 6 7 5 8 9 11 12 13 15 15 19 20 23 25 25 27 27 25 26 27 26 26 27 29 29 30 28 27 28 30 28 29 27 30 30 27 30 30 29 32 32 33 33 33 34 34 34 34 34 33 32 30 31 30 31 29 28 30 28 31 28 30 29 29 31 29 28 30 30 30 32 31 32 32 33 33 33 32 32 31 31 30 30 29 27 27 28 27 27 27 29 
27 30 28 28 27 27 27 27 28 28 30 27 28 26 28 27 28 28 27 30 29 29 29 29 30 27 27 28 26 25 23 20 18 17 13 14 12 10 12 9 10 11 11 12 14 15 17 18 21 23 25 25 25 26 28 29 26 27 28 29 27 28 27 28 27 30 28 28 28 27 27 28 28 29 30 28 31 30 32 32 33 33 33 33 35 33 33 32 31 31 30 31 29 30 27 29 28 30 30 28 28 28 28 28 29 30 32 30 32 32 32 32 34 33 32 31 32 32 31 31 27 27 28 29 27 28 27 28 
28 27 28 29 29 28 27 28 30 30 29 28 26 27 28 28 27 28 27 27 27 27 28 27 28 28 27 26 28 29 25 25 24 20 16 17 15 14 10 14 11 11 10 11 14 14 15 18 19 22 21 25 25 25 27 26 27 27 27 30 28 29 30 29 28 27 28 28 28 28 27 28 29 30 29 28 30 30 31 32 32 33 33 32 32 33 32 31 31 30 30 31 29 29 30 30 28 27 28 29 28 28 27 29 30 31 31 31 32 32 32 33 35 33 34 32 32 32 31 32 29 28 27 29 27 28 29 28 
29 27 27 30 26 28 30 29 27 27 28 28 27 28 27 28 28 30 30 28 28 27 28 27 29 28 27 27 29 26 28 25 25 25 20 20 18 19 15 14 12 12 11 14 12 14 15 17 19 21 21 25 25 25 27 27 29 29 27 28 27 27 26 27 27 28 28 27 27 26 27 27 28 28 30 27 30 31 30 31 32 32 31 32 33 32 32 32 30 30 30 30 28 28 27 28 28 30 30 28 28 27 28 27 29 30 30 30 32 31 33 32 34 33 32 31 31 32 30 31 28 27 28 29 28 28 27 28 
28 30 28 28 28 27 27 27 28 28 28 26 29 29 27 29 29 27 28 28 30 28 27 28 30 29 29 27 26 26 27 26 25 25 25 24 20 19 16 16 13 14 12 12 13 14 16 18 19 21 21 23 25 25 27 29 27 27 27 29 28 28 30 28 28 29 28 27 28 27 26 27 28 28 28 30 30 30 30 31 32 30 31 31 32 31 31 31 32 31 31 29 30 27 28 27 27 28 30 30 27 28 28 28 28 31 29 31 31 32 32 32 32 32 32 32 31 32 30 31 28 27 27 28 28 28 29 28 
28 29 27 28 29 27 30 28 27 30 28 28 28 28 28 28 29 26 27 28 27 28 27 29 28 27 26 29 29 29 29 29 26 25 25 24 22 20 18 17 15 15 14 13 14 14 14 17 20 21 24 24 25 25 26 27 25 28 28 28 27 27 28 28 28 30 27 28 26 28 26 28 27 27 30 29 30 30 30 31 31 31 31 32 31 32 31 32 31 30 29 28 30 30 30 27 27 28 29 27 28 27 28 27 30 30 30 30 31 31 32 32 32 32 32 32 32 31 32 30 28 30 28 28 28 28 28 28 
27 27 26 28 30 27 26 29 28 29 27 27 30 28 27 28 28 28 27 28 26 27 27 30 28 30 27 27 27 29 27 28 28 27 25 25 24 20 19 17 17 16 15 15 14 15 16 18 20 21 21 25 25 25 25 25 28 27 27 28 27 26 28 29 30 29 28 26 28 28 28 27 30 27 28 28 28 28 30 31 30 31 31 30 31 31 31 30 30 30 30 30 28 28 29 27 27 27 29 27 28 29 29 28 28 29 30 31 31 32 32 31 32 31 32 32 32 32 31 29 28 28 30 26 29 28 30 27 
30 27 27 29 29 28 28 28 29 28 27 27 28 29 28 29 28 30 30 28 28 27 27 27 28 27 28 28 27 28 27 27 27 28 27 25 25 25 23 21 17 20 18 17 18 17 18 19 20 21 22 25 25 25 26 27 28 27 29 30 28 28 27 28 28 29 29 27 27 30 27 30 27 27 28 28 27 27 30 29 29 30 30 31 32 30 31 30 31 31 28 27 30 30 28 30 28 27 27 28 28 27 28 27 28 28 30 30 30 31 30 31 31 31 31 30 30 30 28 30 27 30 28 28 26 27 29 27 
29 27 27 27 28 27 28 28 28 27 28 27 27 28 30 29 30 28 27 27 29 28 28 29 28 28 29 28 27 28 27 30 27 28 27 27 25 25 25 21 20 21 20 19 19 20 20 20 20 23 23 25 25 25 27 25 28 28 26 28 28 29 28 27 28 29 28 29 27 30 30 27 30 30 27 30 29 30 28 29 29 29 31 31 30 29 29 30 28 28 28 30 30 27 29 28 29 27 30 27 28 27 27 28 27 27 29 29 28 30 31 30 32 30 30 30 30 29 29 28 28 27 28 27 27 28 30 29 
27 30 28 28 28 28 28 28 28 29 26 27 28 27 28 27 29 28 27 27 26 30 30 26 27 27 28 30 27 28 27 29 28 27 29 28 27 26 25 25 24 24 20 21 21 20 21 21 21 25 23 25 25 25 25 25 27 27 28 26 28 29 27 30 28 27 26 29 28 28 28 28 29 27 28 28 27 28 30 28 28 30 30 29 30 29 28 29 29 29 30 27 28 27 28 27 29 28 27 30 30 30 29 30 26 27 28 30 28 30 29 30 30 31 30 30 29 29 28 28 28 29 26 27 28 27 28 27 
28 27 28 29 29 28 27 28 30 30 29 28 30 27 27 27 26 28 30 27 27 30 28 30 27 27 27 29 27 28 28 28 27 29 27 27 27 26 25 25 25 25 23 21 23 23 23 25 24 22 25 25 25 26 25 27 28 28 28 27 28 26 27 27 29 28 29 30 30 29 27 29 27 27 30 28 27 28 28 28 27 30 27 28 28 27 29 27 28 28 27 30 28 29 30 29 29 30 29 29 30 29 30 30 29 28 28 27 29 30 28 30 30 28 29 30 30 28 27 28 29 30 29 28 30 27 27 27 
29 27 27 30 27 29 27 30 28 27 30 26 28 30 28 26 30 28 28 27 27 30 27 27 28 28 26 27 29 26 29 27 27 28 28 27 27 26 27 25 25 25 25 25 25 24 25 25 25 25 25 25 25 25 27 27 28 28 27 28 26 27 27 28 27 29 30 28 28 28 28 28 30 30 28 28 27 28 28 29 28 27 27 29 30 29 30 29 27 27 29 30 28 29 28 30 30 29 30 32 32 31 30 31 29 29 30 30 28 29 28 30 30 27 28 30 27 29 27 26 28 28 30 26 28 30 28 27 
28 28 27 30 26 28 27 27 28 27 27 28 27 27 28 27 30 27 28 28 28 26 29 29 27 30 30 27 29 29 26 28 28 28 27 26 27 28 27 27 26 25 25 25 25 25 25 25 25 25 25 25 26 25 28 29 27 25 25 27 30 29 27 28 28 29 27 27 27 28 28 28 29 28 28 30 28 28 29 28 27 28 30 29 30 27 30 27 28 27 27 28 27 30 29 32 32 32 32 32 32 32 32 32 32 31 30 30 29 28 29 27 27 28 30 28 30 27 27 27 28 27 27 28 27 27 27 30 
27 30 28 27 30 28 28 28 28 28 28 29 27 28 29 27 28 27 29 28 27 27 30 30 29 30 26 27 28 29 27 28 26 28 27 30 28 27 27 27 26 25 26 25 25 25 25 25 25 25 26 25 28 28 28 27 28 28 28 29 27 28 29 27 29 27 29 28 27 27 26 30 30 30 27 27 28 30 27 28 27 29 28 30 29 28 28 27 27 28 28 29 30 28 31 32 32 33 33 33 33 34 34 33 32 31 31 31 28 29 30 27 29 27 30 28 28 27 27 30 30 26 27 27 28 30 27 28 
27 27 27 28 27 27 27 27 29 27 28 28 28 27 29 27 27 27 26 28 26 27 27 27 29 27 28 28 28 27 29 27 27 27 30 28 30 27 27 26 28 26 26 26 26 25 25 25 25 25 27 27 28 26 26 25 28 26 27 27 27 26 28 30 26 26 29 28 29 27 27 30 28 27 28 28 28 27 28 30 27 27 30 28 30 27 27 30 28 30 28 28 30 32 32 33 33 35 36 35 37 37 37 35 33 33 31 30 29 30 29 30 30 30 29 27 29 30 30 29 28 30 27 27 27 29 28 28 
28 30 29 27 26 28 28 27 27 26 27 27 28 28 27 27 30 27 30 27 27 28 28 27 28 27 28 28 29 29 27 28 27 27 27 28 28 30 30 28 28 27 28 27 29 29 26 27 27 27 26 28 27 25 26 28 28 28 29 28 27 27 28 28 28 28 28 29 29 27 27 30 27 29 27 30 28 28 30 30 29 30 29 27 30 28 28 27 27 30 28 27 30 32 32 33 36 34 37 37 37 37 37 36 34 33 32 31 31 30 28 28 27 27 27 30 28 30 30 29 29 27 28 28 30 29 28 28 
27 27 28 30 29 26 28 27 28 30 28 28 27 29 29 27 28 28 30 28 27 28 30 29 30 27 27 27 28 27 27 28 27 27 27 30 29 30 28 27 27 29 28 28 29 28 28 29 27 27 28 27 26 27 29 28 28 27 25 26 27 27 27 28 26 30 27 28 28 29 27 27 27 29 28 28 30 28 28 30 28 28 29 27 27 28 30 28 29 27 30 31 31 31 32 34 37 39 37 42 42 42 41 37 37 36 33 32 32 30 30 30 30 30 30 28 27 28 30 29 29 27 29 30 27 30 30 27 
29 27 28 26 28 27 28 28 27 30 30 29 29 30 26 27 28 29 27 28 27 28 27 26 29 28 28 28 28 28 28 29 27 28 29 27 29 27 30 28 28 27 27 26 26 26 27 27 28 26 27 29 27 29 28 27 26 29 28 28 28 28 29 27 27 28 26 28 26 28 27 30 28 28 28 27 27 28 28 29 27 28 29 27 29 27 30 28 28 27 27 28 30 32 33 36 37 41 42 43 42 43 42 41 40 37 35 33 32 31 31 27 29 30 28 30 31 30 28 30 30 29 27 27 27 27 28 28 
28 27 28 26 27 26 29 27 28 29 29 28 27 28 29 29 28 27 29 27 27 27 29 28 29 30 30 28 27 28 30 30 29 28 30 27 27 27 30 28 29 30 30 29 27 28 29 26 29 28 25 27 27 27 25 28 29 26 26 29 27 29 26 26 29 28 26 27 28 27 27 28 26 27 27 30 28 30 27 27 27 29 27 28 28 28 27 29 27 27 27 29 32 32 34 37 38 42 42 44 45 44 43 43 41 37 36 33 32 31 31 30 30 31 30 30 31 30 30 31 29 30 29 27 29 27 28 28 
28 29 28 28 28 30 30 28 28 27 27 27 28 27 29 29 27 28 27 28 27 28 28 27 27 29 27 29 27 27 28 28 27 27 30 27 30 28 27 29 30 28 29 28 29 28 27 27 28 29 28 29 28 26 25 28 28 27 27 27 27 27 29 29 27 28 27 28 27 28 28 27 27 30 27 30 27 27 28 28 27 27 27 27 27 28 28 30 26 29 30 31 32 34 34 37 42 41 45 44 47 45 43 42 42 37 37 34 33 31 30 30 30 31 31 31 30 31 31 30 30 27 28 27 29 27 28 29 
29 30 28 27 28 30 28 29 27 30 30 27 30 29 27 28 28 29 27 27 27 29 28 28 27 29 29 27 29 29 30 28 28 28 27 27 27 28 28 28 30 28 28 30 28 28 29 28 27 28 26 29 26 28 27 27 28 28 28 29 27 27 28 27 27 27 29 28 29 27 27 27 28 27 27 28 27 27 28 27 27 27 29 28 29 27 26 27 28 27 28 31 32 33 35 37 42 42 46 46 49 47 48 45 42 38 37 34 32 31 31 31 31 31 31 31 31 31 31 31 30 31 30 27 30 30 27 28 
28 27 29 28 27 29 28 28 28 28 28 28 29 26 27 28 27 28 27 29 28 27 26 30 29 29 30 27 27 28 29 27 28 27 28 27 30 28 28 27 27 27 27 28 28 29 27 28 30 28 26 28 27 26 29 28 28 28 28 29 26 27 28 29 27 28 27 25 28 28 27 27 26 26 27 27 28 28 30 27 29 27 29 28 27 30 28 28 28 28 29 30 32 32 34 37 40 42 45 49 48 47 45 45 43 40 38 34 32 31 31 30 31 31 31 31 32 31 31 31 31 30 30 30 29 30 27 28 
30 26 30 29 27 28 30 30 29 28 29 27 27 27 29 27 28 29 28 28 27 28 28 29 28 27 28 30 30 30 28 27 28 28 28 27 29 27 28 28 27 30 27 28 28 28 27 29 27 27 27 26 28 30 27 27 26 28 27 27 27 27 26 28 29 25 25 28 27 28 30 30 28 27 29 27 27 27 29 27 28 29 29 28 27 28 28 28 28 27 29 31 32 33 34 38 41 42 46 46 49 47 47 46 43 42 40 37 34 33 32 32 31 32 32 31 32 32 31 31 30 31 30 30 30 27 27 28 
27 29 27 30 27 27 29 29 28 28 28 29 28 27 27 28 30 28 29 28 27 26 28 28 27 28 27 28 28 30 30 28 28 28 28 28 29 29 27 27 27 27 30 27 27 28 28 27 27 27 27 27 28 28 26 26 28 30 28 26 29 27 27 29 26 28 26 29 27 27 28 29 28 28 28 29 28 27 27 28 29 28 29 28 26 30 28 28 27 28 27 30 31 32 36 37 39 42 44 45 48 47 45 45 46 41 41 37 34 33 33 31 32 31 32 31 32 32 32 31 31 31 31 28 31 28 28 30 
26 28 27 28 30 28 29 27 30 30 27 30 29 27 28 28 29 27 27 27 28 28 28 30 28 28 27 28 28 30 28 28 28 27 30 27 28 27 27 29 28 28 29 28 27 28 27 27 27 29 28 29 27 26 27 28 27 27 28 27 27 27 29 29 26 28 27 28 26 28 29 27 30 30 27 30 29 27 29 28 29 27 27 27 29 28 28 26 28 28 27 30 31 32 34 36 40 41 45 42 45 46 47 46 44 42 40 38 34 34 34 32 33 33 32 33 32 32 32 32 32 32 32 29 28 29 27 30 
28 27 29 28 27 27 26 30 30 26 27 28 28 30 27 29 27 30 28 27 26 29 28 28 28 29 30 27 28 29 27 28 27 28 27 30 29 28 28 27 28 28 28 29 26 28 29 27 29 27 30 28 28 27 27 27 27 27 27 27 28 26 27 29 27 25 28 27 26 29 28 28 28 29 30 27 28 29 27 28 27 28 27 26 29 28 28 28 28 28 28 30 29 32 34 35 40 40 42 42 43 44 44 45 42 42 40 39 37 35 34 33 34 34 34 33 33 32 36 33 33 33 31 30 30 30 28 28 
26 30 28 27 28 28 28 28 26 28 28 28 28 27 28 29 30 29 28 27 28 28 28 27 30 28 28 28 28 27 28 29 30 29 28 27 28 28 28 27 29 27 28 28 27 30 28 29 29 28 28 30 27 28 27 27 28 27 27 27 27 29 27 28 28 28 27 29 27 27 27 26 28 26 27 27 27 29 27 28 28 28 27 28 27 27 27 30 28 30 27 27 28 32 32 34 36 38 39 43 43 44 45 46 43 42 38 38 37 36 35 34 34 34 33 36 37 33 37 35 33 33 32 31 32 30 30 27 
30 27 27 29 30 28 30 28 26 30 28 28 27 27 26 27 27 28 28 27 27 30 27 30 28 27 29 29 28 28 28 28 28 30 30 28 28 27 28 27 28 28 26 26 28 29 28 29 29 27 27 28 29 28 29 28 29 29 27 27 29 26 29 27 26 27 27 29 26 28 30 28 27 26 28 28 27 27 27 28 27 28 28 27 27 26 27 26 28 27 29 30 28 30 32 33 35 37 38 40 42 43 43 42 42 41 39 39 37 37 35 36 36 35 36 38 37 37 39 37 37 37 33 32 30 29 30 27 
26 28 27 26 27 30 29 27 28 28 28 27 30 26 28 27 27 28 27 27 28 27 27 27 30 28 30 28 27 27 29 28 28 30 28 28 29 27 27 28 30 29 26 28 27 28 29 28 28 30 28 28 29 28 28 28 27 26 27 28 28 28 30 28 28 26 28 28 26 28 28 28 27 27 27 29 28 28 27 30 29 27 30 30 27 29 28 30 28 27 28 26 30 32 32 33 34 36 37 39 41 43 43 42 42 42 41 40 39 38 37 36 36 40 39 39 39 38 41 37 38 37 37 33 32 30 30 28 
28 28 28 30 27 28 29 27 29 27 30 28 27 27 26 30 30 26 28 27 28 30 27 29 27 29 28 27 30 29 28 28 28 28 29 30 27 28 29 27 29 27 30 28 27 27 27 30 30 27 27 27 28 30 27 28 27 28 27 26 29 28 28 27 27 28 28 28 26 27 28 27 28 27 29 28 27 27 30 30 29 30 27 27 28 29 28 28 27 29 27 26 29 29 30 32 33 34 35 38 39 40 41 41 41 40 41 40 39 36 37 37 41 40 40 42 42 42 43 42 39 38 37 36 33 31 30 28 
28 29 27 27 26 29 27 28 28 28 28 30 27 28 29 28 30 29 31 29 29 28 30 27 27 27 30 28 30 27 27 30 28 30 27 28 27 30 28 29 30 29 28 27 28 28 28 28 27 28 29 30 29 28 30 27 28 27 27 28 26 27 27 26 28 26 27 28 27 26 28 29 30 29 28 27 28 28 28 27 27 28 30 27 30 28 28 28 28 28 28 29 27 29 30 30 33 33 36 38 39 40 41 42 41 39 42 41 40 39 40 40 42 42 44 44 44 44 44 42 42 40 37 37 34 32 30 27 
29 28 26 30 28 28 27 27 30 27 27 28 28 27 29 32 30 32 32 30 31 32 31 29 27 28 28 30 30 28 28 28 28 28 29 28 27 27 29 30 28 30 29 27 27 29 29 28 29 28 30 29 27 28 27 27 30 27 27 28 28 26 27 29 27 29 27 27 28 28 27 28 27 28 27 27 27 27 27 25 27 26 28 28 30 27 30 30 29 30 30 28 27 29 31 31 32 33 34 35 35 36 39 37 39 38 38 40 39 39 38 42 42 44 45 45 45 46 48 44 42 41 39 37 34 32 31 27 
27 27 30 28 30 27 27 27 28 28 28 29 29 31 32 32 32 33 34 33 33 33 31 31 30 28 28 30 28 28 30 28 28 28 29 30 27 28 28 28 30 28 28 30 28 28 29 28 27 28 27 30 27 28 28 28 30 28 28 26 28 28 30 28 28 28 27 26 27 28 28 28 30 28 27 25 27 27 25 26 27 28 27 27 28 30 30 30 28 30 30 28 30 30 28 31 31 33 33 33 35 37 37 38 37 39 38 39 39 40 40 42 45 47 48 48 49 51 51 49 45 43 42 37 36 34 31 30 
28 26 28 27 29 28 27 27 30 30 30 27 30 32 33 34 34 34 36 34 34 34 32 33 32 30 29 30 30 27 29 31 29 31 30 31 29 29 31 28 28 28 28 28 29 30 27 28 30 27 29 28 27 29 28 27 27 27 27 27 28 28 30 27 28 27 28 27 29 28 27 27 26 28 28 25 25 25 26 25 25 27 25 29 29 27 29 31 30 30 30 30 31 28 29 31 29 32 31 34 34 34 36 37 37 37 37 39 38 38 41 42 47 47 51 51 51 53 53 49 47 44 41 37 35 33 32 28 
27 28 28 28 27 28 30 27 26 29 29 31 33 34 34 36 36 36 37 36 36 36 34 34 32 31 28 28 29 31 31 30 32 33 34 33 31 30 29 29 28 27 30 27 28 28 27 30 27 28 28 28 27 29 27 27 27 30 28 30 27 27 30 28 27 27 28 27 30 28 29 30 28 27 26 26 26 25 25 25 25 25 25 25 27 25 30 30 30 30 31 30 29 28 28 28 30 32 32 33 33 34 34 35 36 34 36 36 36 37 42 43 45 46 50 51 52 53 56 51 47 44 42 38 34 32 32 28 
28 28 28 27 27 28 29 28 29 28 29 30 33 34 36 37 37 37 40 38 38 37 36 34 33 31 32 30 29 31 30 33 32 33 34 34 34 33 31 30 29 27 29 28 27 27 30 27 30 27 27 28 28 27 27 27 27 27 28 28 26 27 29 30 28 27 30 28 28 26 27 28 25 28 26 25 25 25 25 25 25 25 25 25 25 27 25 30 30 31 30 30 30 30 29 30 30 31 32 30 32 34 34 34 35 34 34 35 36 39 41 43 46 51 52 53 55 54 56 51 50 46 43 40 36 33 31 29 
30 28 28 28 27 27 27 29 28 29 30 33 33 35 37 37 40 38 42 38 40 37 37 35 34 32 32 29 31 33 33 34 35 34 36 34 34 34 33 33 32 31 27 30 27 28 27 27 28 27 30 27 29 28 29 27 27 27 29 28 28 29 28 28 29 28 28 28 27 26 27 27 27 26 25 25 25 22 22 21 21 23 23 22 25 25 29 25 27 30 30 30 30 31 30 29 30 31 31 31 30 32 33 34 34 34 33 35 35 37 40 42 46 50 52 51 55 61 56 50 48 44 42 37 34 33 32 28 
29 27 28 29 27 28 27 30 28 27 30 32 34 37 37 38 42 42 44 42 42 39 37 36 34 33 33 30 31 33 35 36 36 35 40 36 36 36 35 34 32 30 29 27 27 27 27 27 28 29 27 28 29 27 30 28 27 30 29 28 28 28 28 29 30 27 28 30 28 29 28 25 27 25 25 25 22 21 20 20 20 21 20 22 25 25 27 27 26 26 31 31 31 30 30 30 29 30 30 29 30 32 31 31 33 32 34 34 36 37 40 42 46 57 59 61 60 68 60 57 55 51 42 37 36 33 32 30 
28 28 27 28 30 27 26 28 27 29 32 34 34 36 37 42 42 43 45 43 42 40 37 36 34 32 33 32 33 35 38 39 41 40 46 41 42 40 39 35 33 32 31 28 28 27 28 30 30 28 27 29 27 27 27 30 28 29 30 30 29 28 29 27 27 30 28 27 28 28 28 27 27 25 25 24 22 21 20 19 20 20 19 21 23 24 25 25 26 30 30 31 30 30 30 31 31 30 30 31 30 30 31 31 34 37 37 41 45 44 49 49 60 60 71 69 70 76 69 65 64 51 49 37 34 33 30 28 
29 27 27 26 27 26 28 28 29 31 32 34 35 37 38 41 43 44 46 44 42 42 38 36 35 34 33 34 34 38 39 44 45 45 50 46 46 44 39 39 34 32 31 28 30 28 27 29 29 30 30 28 29 28 30 29 27 27 30 26 29 26 30 27 27 29 29 28 28 28 28 27 25 25 25 24 21 20 18 17 16 18 18 19 20 21 24 25 25 25 30 31 30 31 30 29 31 30 30 30 31 30 31 33 35 39 42 46 49 49 51 62 70 72 77 77 76 81 75 71 68 60 53 43 32 32 30 29 
29 30 27 30 30 28 30 30 27 30 32 34 35 37 37 41 42 43 45 43 42 40 37 36 34 34 33 34 37 42 44 51 51 52 55 52 51 47 44 42 38 34 31 30 31 30 30 29 27 27 29 27 27 28 27 30 27 29 28 29 27 27 27 28 28 28 29 28 28 29 27 27 27 25 24 22 21 20 18 16 17 17 16 19 20 20 24 25 25 28 29 30 29 31 29 30 29 30 31 31 31 32 33 37 40 45 48 51 55 55 66 76 76 85 89 87 85 87 83 79 76 65 53 50 42 32 31 28 
30 30 30 26 28 30 30 28 30 30 32 34 35 37 37 42 42 42 43 42 41 38 37 37 34 34 34 37 42 43 51 54 56 57 62 57 56 53 48 44 41 37 34 32 30 31 30 30 30 29 29 29 29 29 27 28 29 27 29 28 27 29 28 28 27 27 27 27 28 28 29 26 27 25 25 22 21 20 18 16 14 14 14 17 19 20 24 23 25 27 29 29 31 30 30 29 31 31 31 32 31 34 38 42 44 51 53 59 61 69 72 81 89 95 101 98 96 96 90 87 82 71 60 51 39 36 31 30 
27 26 28 27 29 29 28 30 30 30 33 34 36 37 39 40 42 41 42 39 40 38 37 35 34 34 37 38 42 49 51 57 59 60 66 60 59 56 51 47 42 36 34 31 29 30 31 31 31 30 28 29 30 30 28 27 28 30 30 29 28 26 28 28 28 27 29 27 27 27 27 27 25 25 24 22 20 20 18 14 17 14 14 17 18 20 22 23 25 26 25 30 30 28 30 30 30 30 31 31 33 35 39 44 49 56 60 63 68 76 87 93 100 107 102 107 105 106 97 90 82 76 66 56 48 36 30 29 
27 26 29 29 27 29 31 30 31 30 32 33 34 35 37 38 38 37 42 39 37 37 36 35 34 32 36 39 44 51 57 59 64 64 68 63 64 59 56 51 46 39 35 31 30 30 30 29 30 29 30 30 27 28 27 27 27 28 27 29 30 28 28 28 29 28 26 26 28 28 27 27 27 27 25 22 21 21 18 18 16 15 15 17 18 20 23 22 25 25 26 29 30 29 29 29 30 30 31 32 33 38 43 49 54 59 64 67 72 82 93 98 107 111 115 117 114 114 103 97 89 76 68 57 47 36 30 27 
27 27 29 29 30 30 30 32 31 31 32 33 34 34 37 37 36 37 37 36 35 36 35 34 34 32 35 41 48 51 58 59 66 68 71 68 66 59 57 51 46 41 35 31 31 31 30 31 30 30 28 30 29 30 28 28 28 27 30 26 28 27 27 28 28 28 29 28 28 28 27 26 26 27 25 25 21 20 19 18 17 17 17 18 19 20 21 25 25 25 26 29 28 30 30 30 28 29 30 30 32 37 44 49 58 62 68 72 79 87 97 102 109 112 115 117 120 119 109 96 87 75 64 56 47 38 30 30 
26 27 28 30 30 29 31 32 31 32 32 32 34 34 34 36 35 36 37 34 34 34 34 33 33 32 35 40 46 56 57 60 65 68 74 68 67 60 57 50 45 40 36 32 31 30 31 31 31 31 28 28 29 30 27 28 27 28 27 26 29 28 28 28 28 28 28 29 27 28 28 27 28 25 25 25 22 21 20 19 18 18 18 20 20 20 23 25 25 25 26 28 26 30 30 29 30 30 31 30 33 38 42 49 57 62 68 75 89 99 105 110 115 117 121 124 128 127 114 102 92 83 76 63 53 43 38 30 
28 29 27 29 31 30 30 31 32 32 32 32 32 33 33 34 34 34 34 33 33 34 32 32 32 39 42 48 53 62 63 68 73 74 75 70 67 61 57 52 48 43 37 33 31 31 31 30 30 30 30 30 29 27 30 30 27 27 28 27 28 29 29 28 27 28 29 30 28 28 29 27 27 26 25 25 25 21 22 20 20 20 20 20 22 22 23 25 25 26 25 28 26 27 28 30 29 31 30 32 35 42 48 55 61 68 74 83 87 98 105 108 114 115 119 121 122 126 110 97 86 76 65 55 47 38 29 28 
26 30 29 30 31 30 31 32 32 32 32 32 32 32 33 33 32 32 34 32 32 32 31 31 34 37 46 48 54 66 65 70 74 72 76 65 63 58 53 49 43 38 34 31 31 30 30 30 30 30 30 30 28 28 27 27 27 28 27 29 30 28 28 28 29 28 27 27 28 29 28 28 27 28 28 25 25 25 22 22 21 21 21 22 21 22 25 25 25 25 27 28 29 27 28 28 29 29 30 31 33 37 42 49 54 61 68 73 80 91 95 102 102 109 110 110 108 106 98 94 84 73 64 56 46 36 29 28 
28 28 27 30 30 31 31 31 32 32 33 32 32 31 32 32 31 31 32 30 30 31 30 34 41 43 51 56 59 70 68 72 76 72 76 66 59 56 52 48 44 39 34 32 32 31 31 30 31 31 29 30 30 27 28 28 28 27 27 27 28 27 28 29 28 28 29 28 28 28 27 27 27 29 28 28 25 25 25 25 24 22 24 24 24 25 25 25 25 28 27 28 26 28 29 27 30 30 28 30 33 34 42 48 54 61 66 71 76 85 93 99 103 106 102 102 98 100 88 83 76 71 64 56 45 35 28 29 
27 27 29 30 31 30 31 31 32 31 33 32 32 32 30 30 30 30 31 30 32 30 35 40 42 46 57 59 62 72 71 71 76 71 72 66 61 51 50 46 40 36 34 31 30 30 31 31 31 29 30 29 30 30 28 30 28 30 28 27 27 30 29 29 29 30 26 27 28 29 27 28 27 29 27 26 29 25 25 25 25 25 25 25 25 25 25 25 26 28 27 26 29 28 28 27 28 28 27 26 32 35 40 47 52 59 62 66 71 78 78 85 91 95 100 94 87 89 85 75 76 64 55 47 38 36 28 28 
26 27 29 30 30 32 31 31 31 31 31 32 30 30 30 32 30 32 32 31 31 34 37 42 46 53 61 61 66 74 73 76 76 70 71 60 55 54 44 41 39 34 34 31 31 32 31 31 30 30 30 30 28 30 28 29 29 28 27 29 27 27 27 29 28 28 30 30 28 27 29 26 26 30 28 26 27 27 25 25 26 25 25 25 25 26 25 27 27 27 29 27 28 28 27 26 25 26 25 25 31 32 36 42 47 53 57 60 63 63 71 78 76 83 91 85 83 84 82 70 69 63 53 45 37 30 29 27 
28 28 27 28 31 30 30 31 31 32 31 31 32 31 30 32 30 30 30 30 32 34 40 46 52 59 57 68 72 76 74 78 72 73 71 61 59 50 43 39 38 34 32 32 32 32 32 32 30 30 31 28 30 27 30 28 28 30 30 28 29 28 30 29 27 27 30 27 29 27 30 27 27 29 30 28 28 28 29 28 27 27 27 25 28 25 29 27 27 28 29 27 27 26 27 25 24 25 25 23 25 26 34 35 42 47 51 53 56 55 59 65 68 71 77 79 76 79 76 68 66 59 53 43 30 29 30 29 
27 28 28 29 29 31 29 30 30 30 31 30 30 30 30 29 30 32 31 31 31 34 40 46 52 57 64 68 72 80 76 80 75 71 70 60 53 48 40 39 34 32 32 32 31 32 31 31 31 30 31 28 29 28 28 30 28 28 30 28 28 30 28 28 28 27 26 27 28 28 28 30 28 28 27 28 28 30 28 28 28 27 27 27 28 28 28 26 28 28 26 28 27 25 25 25 24 22 21 21 24 23 27 32 36 43 44 48 51 48 51 51 62 67 68 71 70 74 72 65 64 56 49 41 34 28 30 29 
28 27 29 28 27 30 30 30 30 30 30 30 31 30 30 31 30 31 30 30 32 37 41 46 51 57 61 68 73 84 78 77 70 67 66 57 51 46 36 36 33 33 33 32 31 32 32 31 32 30 31 29 27 30 30 29 28 28 28 29 30 27 28 30 27 30 28 27 29 28 27 27 27 27 27 28 28 30 27 28 26 28 26 28 28 27 26 29 29 29 29 25 25 25 24 21 20 20 20 19 20 20 22 25 27 34 39 41 44 42 43 51 51 59 60 64 65 70 69 62 61 61 46 41 41 35 27 28 
27 27 27 29 27 29 30 30 30 29 30 30 30 30 29 30 28 29 29 31 34 42 48 53 57 61 68 74 80 86 85 81 74 69 68 59 53 50 43 36 34 32 32 33 33 33 32 32 30 30 29 31 28 30 30 30 28 27 28 29 30 28 27 29 27 27 27 29 27 28 29 29 28 27 28 29 29 28 27 29 27 27 27 29 27 28 29 28 28 26 26 26 25 23 21 20 17 17 17 17 17 17 19 21 25 26 32 35 37 35 42 42 46 51 56 61 60 68 68 61 61 59 53 48 41 35 34 29 
27 30 28 27 30 30 29 30 29 30 30 28 29 30 28 30 28 31 30 30 32 37 42 48 52 59 63 68 74 82 76 74 67 64 61 51 49 43 36 36 34 34 33 32 32 33 31 33 31 32 30 30 30 30 29 30 29 30 30 28 28 30 27 29 27 30 27 27 29 30 28 29 28 30 29 27 27 30 27 29 27 30 27 27 29 30 28 29 28 29 27 25 23 23 19 19 14 16 14 14 16 16 16 19 20 23 25 25 30 31 34 42 46 54 59 59 67 66 72 66 66 60 60 52 46 41 34 29 
28 28 30 28 28 26 28 28 30 28 29 28 27 27 27 29 29 30 31 31 31 34 41 46 53 57 62 68 69 75 72 74 68 64 61 53 49 42 37 36 37 34 34 34 32 32 32 33 31 31 32 30 30 27 30 30 30 28 28 29 27 27 27 29 28 28 30 28 28 27 28 28 26 28 28 28 27 27 27 28 28 28 26 28 29 26 28 28 25 27 26 25 22 20 17 16 15 13 11 11 13 13 16 17 17 20 24 25 25 26 34 41 46 53 59 66 72 71 78 72 71 66 59 53 46 39 34 29 
27 26 30 30 30 26 27 28 28 30 28 29 28 30 28 28 28 31 31 31 31 37 40 46 51 57 58 65 64 72 67 67 62 65 62 54 51 43 37 37 36 37 34 34 33 34 32 31 30 32 31 30 30 30 27 28 28 30 27 29 27 29 28 27 30 29 28 28 28 29 30 27 28 29 27 28 27 29 28 27 30 29 28 28 28 28 29 26 27 27 25 25 22 20 17 14 14 10 9 8 11 11 14 14 17 19 14 25 25 26 34 39 46 53 59 66 72 78 84 76 71 66 59 53 46 41 34 30 
27 27 27 29 27 28 30 29 28 27 28 30 30 29 28 30 28 28 29 31 30 37 34 39 46 51 58 59 59 68 63 62 65 59 56 50 45 43 37 37 39 36 37 33 33 32 33 32 32 32 31 30 31 28 28 28 27 29 27 28 28 27 30 28 29 29 29 28 30 27 28 28 27 30 27 28 28 28 27 28 29 30 30 28 27 28 28 28 27 25 25 25 22 20 17 14 11 8 8 8 8 9 6 8 8 10 8 17 18 25 33 46 51 59 65 72 78 84 91 85 78 72 66 59 51 48 41 33 
29 28 26 30 28 28 27 27 27 28 27 29 29 27 28 27 28 28 29 30 28 29 34 41 40 46 52 52 53 62 58 58 60 56 51 51 45 38 37 37 35 35 34 34 34 32 32 31 31 30 31 30 28 28 30 30 30 27 30 28 28 30 27 29 30 29 27 27 28 28 27 28 27 28 28 29 29 28 28 27 28 27 28 28 27 27 28 25 28 25 25 23 21 20 16 14 11 9 7 5 8 2 3 1 1 3 0 8 9 12 25 33 46 52 59 66 72 77 85 76 72 66 60 53 46 42 34 29 
27 27 29 28 28 27 29 30 27 30 30 27 30 29 27 28 28 29 28 30 28 30 29 34 40 40 47 49 50 56 52 51 56 51 53 45 40 42 39 40 36 38 36 34 33 33 33 32 31 31 30 31 31 28 27 28 29 27 27 28 27 27 28 30 29 30 28 27 28 29 28 28 30 28 28 30 28 28 29 27 27 28 30 28 29 27 30 26 27 25 25 25 22 20 17 16 12 11 8 7 2 -1 0 -4 -2 0 -4 2 3 5 18 22 36 52 59 66 72 72 78 72 72 66 60 53 48 41 34 28 
28 27 30 28 28 27 27 26 27 27 27 29 29 27 29 30 29 27 29 28 27 30 30 30 34 34 39 41 42 50 45 47 49 45 46 39 41 38 37 37 36 35 34 34 32 32 33 32 32 31 30 30 29 28 28 28 28 28 28 29 30 27 28 27 28 27 29 28 27 27 26 30 30 27 27 28 28 30 28 29 27 30 28 27 26 29 28 28 28 28 27 24 22 20 17 15 13 11 9 2 -1 -3 -8 -15 -10 -10 -13 -3 -4 -1 9 21 31 42 58 59 66 66 72 66 66 59 59 53 48 39 35 26 
30 30 28 27 28 28 28 27 30 27 29 29 27 30 29 29 29 29 29 30 28 28 28 27 29 33 35 36 37 44 40 42 43 43 39 39 38 37 37 37 35 35 32 32 33 32 31 31 31 30 28 30 30 27 30 30 28 29 30 30 29 28 30 27 27 27 29 27 29 29 29 28 27 28 29 29 28 27 28 30 26 30 28 27 28 28 28 27 29 27 26 25 23 20 18 17 16 14 6 5 0 -8 -15 -22 -18 -18 -24 -13 -11 -8 3 8 24 38 43 59 59 60 66 59 60 60 53 46 39 35 34 28 
28 27 27 28 29 28 29 28 30 30 29 29 27 27 27 28 27 29 29 27 28 27 27 27 28 28 31 31 33 40 36 37 37 37 38 37 38 37 37 36 34 33 32 32 31 31 31 31 30 31 30 28 28 27 28 27 29 28 27 27 29 30 29 27 30 28 28 30 27 29 30 29 27 27 28 28 27 28 27 28 28 30 30 28 28 27 28 27 28 28 26 25 25 23 21 17 15 15 8 0 -4 -12 -22 -19 -27 -26 -29 -24 -21 -11 -9 2 12 21 35 52 53 54 60 53 54 54 48 41 42 34 30 27 
26 27 30 29 27 28 28 29 27 30 27 29 28 28 30 28 28 29 27 27 29 30 29 27 28 27 30 31 32 33 33 36 36 37 37 36 37 37 35 34 34 32 33 31 32 32 30 30 30 30 30 30 27 29 28 29 27 30 27 28 27 28 29 28 28 28 27 27 28 30 29 26 28 27 28 29 28 28 26 28 28 30 28 28 29 27 27 27 29 28 28 26 25 24 23 19 17 17 9 2 -4 -10 -19 -25 -34 -33 -42 -30 -32 -23 -12 -6 5 19 28 44 44 49 56 48 49 49 42 42 35 29 27 28 
28 30 27 28 30 28 30 29 27 30 29 29 29 29 30 29 30 30 27 29 30 29 30 28 27 30 29 31 32 32 34 34 35 35 37 35 37 35 35 33 33 33 31 31 31 30 30 30 30 30 28 29 30 28 30 28 27 30 29 28 28 28 28 28 29 30 27 28 30 28 30 28 27 30 28 28 28 28 28 28 28 30 27 28 30 28 30 28 27 30 28 28 27 25 25 23 20 19 10 3 0 -10 -17 -25 -35 -40 -48 -40 -34 -25 -18 -8 0 11 18 36 38 40 49 42 42 43 36 35 30 29 28 28 
28 28 27 30 27 28 28 29 27 29 30 30 30 30 27 30 30 29 28 30 27 29 28 28 27 28 30 30 32 32 32 34 34 34 35 34 34 34 33 33 31 31 31 31 31 30 28 29 29 29 28 30 28 28 28 28 27 28 30 30 29 28 30 28 28 28 27 30 27 28 28 27 30 28 28 29 28 28 30 27 28 28 27 29 27 28 28 27 30 28 28 28 28 27 25 25 24 14 7 0 -5 -14 -24 -30 -40 -49 -56 -50 -42 -35 -26 -20 -10 -1 9 17 28 31 38 36 38 36 36 31 30 28 30 27 
27 27 27 28 28 30 30 29 29 29 29 29 30 30 30 30 27 29 27 29 29 30 26 28 29 28 30 29 27 30 32 33 33 33 34 33 33 33 32 32 31 30 31 31 28 27 30 30 28 29 28 30 29 27 27 30 30 29 30 30 27 27 29 30 28 29 28 30 29 27 27 30 26 29 26 30 27 27 29 30 28 29 28 30 29 27 27 30 27 29 27 30 27 27 29 25 25 25 15 8 3 -5 -12 -25 -31 -40 -51 -46 -39 -34 -22 -19 -8 1 6 13 16 22 31 25 31 30 30 29 30 29 27 27 
28 28 29 28 27 28 30 30 30 29 27 27 30 29 29 30 29 29 29 27 27 27 29 28 28 27 30 30 28 28 31 32 32 32 33 33 32 33 32 31 30 31 30 30 28 30 30 27 30 30 27 29 28 29 27 27 27 28 28 28 30 28 28 30 28 28 29 28 27 28 30 29 30 27 27 27 28 27 27 28 27 27 28 26 30 27 28 28 28 27 29 30 27 26 25 27 25 26 17 9 4 -2 -11 -22 -32 -32 -42 -39 -43 -38 -28 -25 -15 -4 2 8 8 10 18 25 25 31 30 30 30 28 28 29 
27 28 28 27 28 27 28 27 27 30 29 29 30 30 30 30 30 27 29 30 29 30 28 27 29 28 29 28 29 30 30 31 31 32 33 32 31 32 31 32 31 30 30 28 28 28 27 28 28 30 27 28 30 28 27 29 28 27 27 30 30 30 30 27 27 28 30 27 29 27 29 28 27 30 29 28 28 28 28 30 27 27 28 27 28 26 28 27 30 29 28 28 28 28 28 28 28 25 19 12 5 0 -10 -13 -22 -25 -36 -34 -39 -34 -34 -29 -19 -14 -7 3 3 3 2 17 18 22 30 29 27 27 27 27 
29 28 27 28 26 27 30 29 27 29 29 29 29 30 29 30 30 28 30 29 29 29 28 27 29 27 27 28 30 30 31 30 31 32 31 31 31 31 31 32 31 31 31 31 30 28 29 29 29 28 27 29 30 30 30 28 27 28 28 28 27 29 27 28 28 27 29 27 28 28 28 27 28 30 27 27 29 28 29 30 30 29 28 30 27 27 27 29 27 28 29 28 28 26 28 28 27 27 19 19 12 4 0 -10 -12 -18 -29 -25 -32 -34 -33 -28 -23 -14 -24 -13 -10 -8 -10 0 3 10 11 31 30 28 29 30 
28 27 28 27 28 28 26 27 29 30 29 30 29 27 27 29 30 28 29 29 29 29 27 27 29 30 28 30 30 29 30 31 31 31 32 32 32 32 31 31 31 30 31 29 30 28 28 30 30 28 30 28 30 30 28 28 27 27 30 27 27 28 28 30 27 29 30 29 27 27 28 28 27 27 26 27 27 28 28 27 27 29 27 29 27 27 28 28 27 28 27 28 27 28 28 27 27 29 26 20 11 10 3 -2 -7 -8 -21 -19 -25 -27 -27 -25 -31 -34 -26 -34 -29 -26 -27 -16 -10 0 6 12 30 30 30 28 
29 28 27 28 27 27 27 29 29 29 27 30 27 29 27 27 29 27 30 27 29 29 30 28 27 27 30 29 29 28 31 31 30 31 31 32 32 32 31 31 31 30 30 29 29 30 28 28 29 28 28 28 27 30 27 29 28 28 27 30 30 28 27 27 28 30 30 27 29 28 29 27 27 27 28 28 28 30 28 28 30 28 28 29 28 27 28 30 29 30 28 27 27 28 27 27 28 27 26 27 18 12 10 2 0 -1 -14 -8 -17 -22 -22 -30 -37 -42 -43 -50 -47 -44 -45 -34 -28 -18 0 0 13 30 28 28 
26 27 28 29 27 29 27 30 29 27 27 30 30 30 30 30 27 27 29 30 27 29 27 30 28 27 27 30 30 31 31 31 31 31 32 31 32 33 31 30 31 30 30 29 31 30 30 27 27 28 29 27 28 30 28 27 29 28 27 27 27 27 27 27 27 28 29 27 28 27 28 27 29 28 27 27 27 27 27 27 27 28 30 27 28 27 28 27 30 28 28 27 27 27 27 27 28 28 29 26 28 18 18 10 8 5 -3 -1 -8 -17 -15 -34 -42 -48 -63 -68 -65 -62 -61 -48 -42 -32 -14 0 2 14 27 27 
30 30 28 27 28 29 29 28 27 29 27 27 27 29 27 29 29 29 29 27 28 28 28 28 27 28 29 30 30 29 28 30 31 31 31 32 31 31 31 30 31 30 30 30 29 28 30 27 27 27 30 28 30 27 27 27 28 27 28 28 28 27 28 30 27 27 29 28 29 30 30 29 28 30 27 27 27 29 27 28 29 29 28 27 28 28 29 28 27 28 30 26 30 28 27 28 28 28 27 28 27 27 19 17 14 11 2 4 0 -8 -25 -28 -46 -63 -76 -85 -85 -79 -82 -67 -53 -51 -31 -13 0 12 17 26 
27 28 28 29 29 27 27 30 27 30 27 27 29 29 27 27 30 27 27 28 28 30 30 28 29 28 30 29 27 28 30 31 30 31 31 30 30 31 31 30 30 30 30 29 30 30 28 28 27 28 28 29 29 27 27 30 27 30 27 27 28 28 27 27 30 27 27 28 28 29 30 28 29 28 29 28 27 27 29 30 28 29 28 27 26 28 28 27 28 27 28 28 29 29 28 28 27 28 27 28 28 26 26 25 25 23 9 11 6 0 -17 -35 -50 -70 -85 -90 -98 -93 -93 -79 -68 -51 -41 -24 -7 5 17 26 
28 28 28 26 29 30 27 27 27 28 27 27 27 30 29 27 28 28 28 27 30 30 28 27 27 28 27 27 28 27 30 29 30 30 31 30 31 30 30 30 30 30 29 29 29 27 30 27 29 28 29 27 30 27 28 27 27 28 27 27 28 27 27 27 29 28 29 27 27 27 28 27 27 28 27 27 28 27 27 27 29 28 29 27 27 27 28 27 27 28 27 27 28 27 27 27 29 28 30 27 27 27 28 27 25 25 19 14 8 2 -14 -33 -50 -66 -84 -98 -111 -110 -108 -92 -81 -62 -43 -25 -8 1 16 26 
27 30 28 27 27 30 29 29 29 29 26 27 28 29 27 28 27 29 28 27 30 29 28 28 28 28 29 27 27 28 27 29 28 30 30 29 31 30 30 30 30 30 30 30 28 28 30 28 30 28 27 30 28 28 27 27 27 28 28 29 27 28 29 27 29 28 27 29 28 27 27 27 27 27 28 28 30 27 28 27 28 27 29 28 27 27 27 26 26 27 27 28 29 27 28 30 28 26 28 28 27 26 29 29 29 25 20 18 10 3 -12 -28 -47 -63 -81 -96 -111 -117 -120 -102 -83 -65 -46 -30 -10 0 12 26 
28 28 27 28 30 27 26 29 27 28 30 30 28 27 29 26 26 30 28 27 28 28 28 27 29 27 27 27 27 29 28 29 29 29 28 30 30 31 31 30 29 29 30 30 28 27 28 30 30 29 28 30 27 28 27 27 28 27 27 27 26 28 27 27 28 27 30 28 29 29 29 28 27 28 28 28 28 27 28 29 29 28 27 29 27 27 27 30 28 30 27 27 30 28 30 27 27 27 29 27 28 28 28 27 30 27 25 22 16 2 -13 -33 -49 -65 -84 -94 -112 -122 -128 -108 -90 -69 -51 -34 -17 -2 8 17 
26 28 28 27 28 27 28 28 29 30 28 28 27 28 28 29 28 27 27 30 27 30 27 27 28 28 27 27 30 27 26 28 29 30 31 29 30 30 31 30 29 28 30 30 28 30 29 27 27 28 28 27 28 27 28 28 30 30 28 28 27 28 28 29 29 27 27 30 27 30 27 27 28 28 27 27 26 27 27 28 28 30 26 28 29 28 30 29 27 27 29 26 28 30 29 27 27 28 28 27 28 27 28 28 30 30 28 25 19 12 0 -19 -36 -51 -68 -84 -93 -102 -109 -96 -79 -60 -42 -26 -10 2 15 25 
27 27 28 28 28 29 28 27 28 27 27 27 30 28 30 27 27 27 28 27 27 28 27 27 28 27 27 27 29 28 29 27 27 28 29 28 28 29 28 28 29 28 27 27 29 28 29 27 27 27 28 27 27 28 27 27 28 27 26 27 29 28 29 27 30 27 28 27 27 28 27 27 28 26 30 27 28 28 28 27 30 26 28 27 27 28 27 27 28 26 30 27 28 28 28 27 30 30 28 27 27 28 27 27 28 30 29 26 23 17 3 -13 -28 -43 -58 -72 -83 -85 -92 -82 -71 -56 -38 -24 -8 4 17 25 
28 28 28 28 28 28 28 30 27 28 30 28 30 28 27 30 29 28 28 28 28 28 29 26 27 28 27 28 27 28 28 27 30 30 28 28 29 30 30 28 28 30 27 29 27 30 28 27 27 30 29 29 29 30 27 27 28 30 27 29 28 30 28 28 27 27 30 30 30 27 27 28 28 27 28 30 28 27 29 28 27 27 27 26 27 27 27 28 30 27 28 27 28 27 30 28 28 27 27 27 27 27 28 28 26 27 29 27 28 19 7 -1 -19 -35 -51 -51 -64 -67 -70 -60 -58 -41 -34 -18 -1 4 16 26 
28 28 28 27 28 26 27 27 30 28 29 26 26 29 28 30 27 27 27 29 27 28 29 28 28 26 28 28 28 28 27 28 29 29 28 28 30 28 27 27 27 28 27 27 27 27 28 27 28 28 27 27 28 29 30 30 28 27 28 29 29 28 27 29 30 26 30 28 27 28 28 28 27 29 27 28 28 27 29 27 28 28 28 27 28 26 27 27 29 28 29 30 26 29 28 30 27 27 27 29 27 28 29 28 28 26 28 28 28 27 10 4 0 -17 -33 -43 -43 -48 -55 -42 -40 -35 -17 -8 2 14 17 25 
29 28 27 27 29 30 28 26 29 27 27 29 30 28 29 28 30 30 27 28 26 27 30 27 27 28 28 26 27 29 26 29 27 27 28 28 27 28 27 28 27 29 29 27 27 27 27 27 28 27 29 29 28 28 27 28 28 30 30 28 28 27 28 27 28 28 26 26 28 29 28 29 28 27 27 28 29 28 28 28 29 28 27 27 30 26 29 27 30 27 27 30 30 28 30 28 26 30 28 28 27 27 30 27 27 28 28 27 27 28 25 12 0 0 -14 -24 -27 -30 -35 -26 -24 -18 -7 2 7 16 25 25 
27 26 27 28 28 28 27 29 29 27 30 30 27 29 29 26 28 28 28 27 30 26 28 27 27 28 27 27 28 27 27 27 30 29 30 28 27 27 29 28 28 30 28 28 30 28 28 29 27 27 27 29 28 28 27 30 30 27 26 30 27 30 29 27 28 28 28 27 30 27 28 27 27 28 27 27 28 27 27 28 26 29 26 28 27 28 30 28 28 26 28 28 26 28 28 29 27 27 28 30 28 29 27 30 26 28 27 27 27 29 29 26 12 2 0 -8 -11 -12 -17 -8 -8 -2 3 7 17 25 25 28 
30 28 27 28 28 27 26 30 30 30 26 27 28 28 26 28 29 28 30 28 27 27 30 29 29 29 30 27 27 28 30 27 29 27 30 28 27 26 30 29 29 29 29 27 27 28 29 27 29 27 29 28 27 30 29 28 28 28 29 30 27 28 29 27 28 27 28 28 27 29 28 28 28 28 28 29 26 27 28 27 28 26 28 27 26 29 28 28 28 28 28 29 30 27 28 30 28 30 28 27 30 28 28 28 28 28 28 28 30 27 27 29 27 15 12 5 1 0 -1 2 4 4 15 17 25 25 27 29 
28 28 28 27 28 29 30 30 28 27 28 28 28 28 27 28 28 29 28 27 29 27 27 27 29 28 29 30 30 28 27 29 30 26 30 28 26 27 28 28 27 28 27 27 27 30 28 27 27 27 27 29 27 28 28 28 28 30 27 28 28 27 29 27 28 28 28 27 28 29 30 30 28 27 28 28 28 28 27 28 29 29 28 27 29 27 27 27 30 28 29 30 30 28 27 29 26 26 30 28 27 27 28 28 27 28 26 27 27 30 28 25 27 27 17 17 16 13 8 15 16 17 16 26 26 27 29 27 
28 28 30 26 28 30 29 27 26 28 28 27 27 27 28 27 28 28 27 27 30 27 26 27 27 29 29 28 28 27 28 28 30 30 28 28 27 28 27 28 28 26 26 28 29 28 29 29 27 27 28 29 28 28 28 29 29 27 27 30 27 29 27 30 28 28 30 26 28 30 28 27 26 28 28 27 27 27 27 27 28 28 27 27 30 27 30 27 27 28 29 28 28 27 28 28 30 29 28 28 27 28 27 28 28 30 26 28 29 28 29 28 27 26 28 26 26 26 17 25 26 25 25 27 26 29 27 30 
